0
7.72172
7.92813
7.89894
7.86209
7.82461
7.78682
7.74892
7.71073
7.67244
7.63414
7.59574
7.55734
7.51904
7.48083
7.44263
7.40472
7.36692
7.32931
7.29201
7.2549
7.21809
7.18148
7.14527
7.10936
7.07375
7.03854
7.00363
6.96911
6.93491
6.90109
6.86768
6.83467
6.80205
6.76974
6.73793
6.70642
6.6754
6.64469
6.61438
6.58447
6.55495
6.52584
6.49713
6.46881
6.4408
6.41319
6.38598
6.35917
6.33266
6.30654
6.28073
6.25532
6.23031
6.2056
6.18119
6.15718
6.13347
6.11006
6.08695
6.06423
6.04182
6.01971
5.9979
5.9763
5.95508
5.93418
5.91347
5.89316
5.87305
5.85324
5.83363
5.81432
5.79531
5.77651
5.758
5.73969
5.72168
5.70388
5.68627
5.66896
5.65176
5.63485
5.61824
5.60173
5.58543
5.56942
5.55351
5.5379
5.5225
5.50719
5.49209
5.47718
5.46257
5.44797
5.43366
5.41946
5.40545
5.39165
5.37794
5.36444
5.35113
5.33793
5.32492
5.31202
5.29931
5.28671
5.2743
5.262
5.24979
5.23779
5.22588
5.21418
5.20248
5.19097
5.17967
5.16837
5.15726
5.14626
5.13535
5.12465
5.11395
5.10344
5.09294
5.08263
5.07243
5.06233
5.05232
5.04242
5.03262
5.02291
5.01331
5.00381
4.99431
4.985
4.9758
4.9666
4.95759
4.94859
4.93969
4.93088
4.92218
4.91358
4.90498
4.89647
4.88817
4.87977
4.87157
4.86336
4.85526
4.84726
4.83926
4.83145
4.82365
4.81585
4.80815
4.80055
4.79304
4.78554
4.77814
4.77074
4.76344
4.75623
4.74903
4.74193
4.73483
4.72783
4.72092
4.71402
4.70722
4.70042
4.69372
4.68702
4.68041
4.67381
4.66731
4.66081
4.65441
4.64801
4.6417
4.6354
4.6292
4.623
4.6169
4.6108
4.6047
4.59869
4.59279
4.58679
4.58099
4.57509
4.56929
4.56358
4.55779
4.55218
4.54648
4.54088
4.53528
4.52978
4.52428
4.51887
4.51338
4.50807
4.50267
4.49737
4.49207
4.48687
4.48167
4.47647
4.47127
4.46607
4.46048
4.45459
4.4485
4.44201
4.43522
4.42813
4.42074
4.41305
4.40506
4.39667
4.38808
4.37909
4.3698
4.36021
4.35032
4.34013
4.32964
4.31885
4.30776
4.29637
4.28458
4.27259
4.2603
4.24771
4.23482
4.22163
4.20823
4.19445
4.18045
4.16616
4.15167
4.13688
4.12179
4.10649
4.0909
4.07511
4.05902
4.04273
4.02623
4.00954
3.99255
3.97545
3.95806
3.94047
3.92267
3.90478
3.88659
3.86829
3.8498
3.8311
3.81231
3.79331
3.77422
3.75492
3.73553
3.71593
3.69633
3.67654
3.65664
3.63665
3.61645
3.59625
3.57596
3.55556
3.53516
3.51456
3.49397
3.47327
3.45257
3.43177
3.41097
3.39007
3.36917
3.34818
3.32718
3.30618
3.28518
3.26418
3.24308
3.22208
3.20098
3.17998
3.15888
3.13788
3.11688
3.09588
3.07488
3.05397
3.03307
3.01217
2.99128
2.97047
2.94977
2.92907
2.90837
2.88777
2.86726
2.84676
2.82626
2.80596
2.78566
2.76536
2.74525
2.72515
2.70515
2.68524
2.66534
2.64554
2.62593
2.60633
2.58673
2.56733
2.54802
2.52872
2.50962
2.49052
2.47161
2.45271
2.43391
2.4153
2.3967
2.37829
2.35989
2.34159
2.32348
2.30538
2.28748
2.26958
2.25187
2.23427
2.21677
2.19936
2.18206
2.16486
2.14775
2.13075
2.11394
2.09714
2.08054
2.06394
2.04753
2.03123
2.01502
1.99892
1.98292
1.96711
1.95131
1.9357
1.9201
1.9047
1.88939
1.87419
1.85909
1.84408
1.82918
1.81438
1.79977
1.78517
1.77077
1.75637
1.74216
1.72806
1.71405
1.70015
1.68635
1.67264
1.65904
1.64554
1.63213
1.61883
1.60563
1.59252
1.57962
1.56672
1.55391
1.54121
1.5287
1.5162
1.5038
1.4915
1.47939
1.46729
1.45529
1.44338
1.43158
1.41988
1.40827
1.39677
1.38537
1.37397
1.36276
1.35166
1.34056
1.32956
1.31875
