0.487244       0.483328       0.483368        0.62657       0.469936       0.471497        6.19961     -0.0657653    -0.00330723              
0.546592       0.526991       0.527157       0.958313       0.487552        0.49155        6.37134     0.00531454      0.0136719              
0.581672       0.530702       0.531067        1.25366       0.467461       0.471547        6.11539      0.0168513    -0.00779494              
0.633994       0.536173       0.536717         1.5393       0.450536       0.453564         5.8666      0.0167717      0.0103286              
0.698941       0.539402       0.540097        1.81167       0.431898        0.43482        5.66475      -0.018055    -0.00168436              
0.782329       0.546715       0.547591        2.07926       0.416605       0.420736         5.4943     -0.0451837      0.0123305              
0.883554       0.557981       0.559122        2.34304       0.405232       0.411854        5.34636     -0.0121864     0.00482848              
0.999143       0.569933       0.571419        2.60116       0.396554       0.403839         5.2216     0.00661436     0.00369475              
1.12924       0.583295       0.585138        2.85478       0.390652       0.397697         5.1065      0.0273534      0.0145572              
1.26713       0.591668       0.593856        3.09802       0.380624       0.387276        5.00223     -0.0055194     0.00772267              
1.41921       0.601781       0.604317        3.33823        0.37145       0.378704        4.91225     -0.0146088    -0.00765733              
1.58834       0.616575       0.619476        3.57915       0.367234       0.374691        4.82935       0.010279     0.00201748              
1.76577       0.627361        0.63063        3.81242       0.360054        0.36725        4.75236    -0.00813094    -0.00026398              
1.95604       0.638965       0.642611        4.04317       0.353152       0.360947         4.6814     -0.0246559     0.00489097              
2.16097       0.653574       0.657634        4.27356       0.349242        0.35815        4.61269     0.00948751    0.000490857              
2.37531          0.666       0.670495        4.49854       0.344707       0.353188        4.54703     0.00863636     0.00204457              
2.60118       0.678349       0.683264        4.72063       0.340205       0.348463        4.48719     0.00127273     0.00606044              
2.83996       0.692672       0.697999        4.94164       0.337818        0.34612        4.42844      0.0236893      0.0078178              
3.08718       0.704268       0.709992        5.15728       0.333603       0.341182        4.38009     0.00995705     0.00145626              
3.34448       0.715069       0.721166        5.36992       0.328054       0.335354        4.33622     -0.0136205    -0.00672658              
3.61439       0.727525       0.733996        5.58236       0.323469       0.331089         4.2912      -0.015074     -0.0107804              
3.89681       0.741321       0.748184        5.79441       0.320334       0.328328        4.24902     -0.0177297     0.00345314              
4.18694       0.752533       0.759819        6.00159       0.314677       0.323676        4.20108     -0.0216403    -0.00617169              
4.48658       0.762765        0.77053        6.20567       0.307926       0.317979        4.15668     -0.0494515    -0.00419557              
4.8035       0.779201       0.787515        6.41445       0.306919       0.318917        4.11793    -0.00622783     0.00509152              
5.12771       0.792851       0.801778        6.61834       0.305022       0.317551        4.08011      0.0036313      0.0112589              
5.45969       0.803952       0.813508        6.81794       0.301107       0.313818         4.0414     0.00670305    -0.00670046              
5.80451       0.817562       0.827745        7.01843       0.299954       0.312205        4.00751     0.00313995      0.0118656              
6.15689       0.829208       0.840019        7.21508       0.296686       0.309493         3.9752    -0.00862835      0.0129017              
6.51736       0.838588       0.850063        7.40825       0.290721       0.304504        3.94398      -0.022683     -0.0119579              
6.89023       0.850718       0.862897        7.60275       0.287225       0.301573        3.91236     -0.0237656    -0.00981183              
7.27437       0.864266       0.877181        7.79727       0.285318       0.300433        3.88312     -0.0178257     0.00341843              
7.66884       0.877951       0.891645        7.99074       0.284018       0.300073        3.85414   -0.000526782     0.00768257              
8.07316       0.892405       0.906897        8.18327       0.284606       0.300667        3.82253      0.0383059     0.00367631              
8.48241       0.902134       0.917388        8.36952       0.281874       0.296266        3.78885      0.0226446    -0.00542073              
8.9047       0.915594       0.931528        8.55791       0.282512       0.295386        3.75859      0.0396043    -0.00060862              
9.3327       0.925325       0.941869        8.74116       0.279704       0.291053         3.7351    -0.00275896     0.00826443              
9.77022       0.935421       0.952553        8.92367       0.275525       0.287641         3.7062     -0.0246573     0.00926176              
10.2206       0.948777       0.966549        9.10829       0.274136       0.287702         3.6771    0.000310816     0.00829339              
10.6786       0.960116       0.978567        9.28975       0.271891       0.285555        3.65659      0.0111503     -0.0127218              
11.1438       0.969866       0.988975        9.46851       0.268446       0.281055        3.63155    -0.00841521     -0.0176975              
11.6233        0.98482        1.00454        9.65141        0.26986       0.281761        3.60958      0.0252944    -0.00974772              
12.1043       0.992267        1.01255        9.82564       0.264626       0.275241        3.58658     -0.0268504     -0.0126117              
12.6039        1.00937        1.03019        10.0086       0.267626       0.278657        3.56481        0.02471     0.00767398              
13.1057        1.01968        1.04103        10.1836       0.265698       0.275889         3.5425      0.0153032   -0.000547803              
13.617        1.03055         1.0524        10.3582       0.263944       0.273464        3.52081     0.00398658     0.00112744              
14.1367         1.0406        1.06293         10.531       0.260826       0.270404        3.49756     -0.0153482     0.00300024              
14.6675        1.05382        1.07664        10.7058       0.260466       0.270755        3.47729     0.00697576     0.00349549              
15.2073         1.0673        1.09062        10.8798       0.261509        0.27139          3.455      0.0333729     0.00515162              
15.7547         1.0791        1.10289        11.0512       0.261909       0.270312        3.43603      0.0378291     0.00263207              
16.3059        1.08633        1.11051        11.2171       0.257478       0.264511        3.41846     -0.0120314    -0.00593093              
16.8709         1.0995        1.12402         11.388       0.257401       0.264488        3.40309      0.0108782    -0.00948609              
17.4405        1.10854         1.1334        11.5541       0.253825       0.260261         3.3835     -0.0233366    -0.00498088              
18.0254        1.12415        1.14934         11.726       0.256071       0.262932          3.366      0.0303089    -0.00339449              
18.6126        1.13311        1.15862        11.8905       0.253385       0.258981        3.34671    -0.00727271     0.00350793              
19.208        1.14257        1.16838        12.0545       0.249726       0.255876        3.33255      -0.021588    -0.00906796              
19.8164        1.15685        1.18296        12.2227       0.250785       0.257269        3.31392      0.0148577    -0.00357687              
20.4301        1.16764        1.19406        12.3865       0.249753       0.255317        3.29498      0.0128226    -0.00541369              
21.0507        1.17748        1.20417        12.5484       0.247542       0.252486        3.27851     -0.0114346     0.00125352              
21.68        1.18753        1.21448        12.7099       0.244553       0.250252        3.26127     -0.0240687     0.00128648              
22.3197        1.20016        1.22742        12.8732       0.244028       0.250673        3.24856     0.00202889    -0.00650508              
22.9687        1.21382        1.24139        13.0369       0.245897       0.251761        3.23399       0.037386     -0.0086744              
23.6201         1.2213        1.24912        13.1937       0.242462       0.246581        3.21744     -0.0151328    -0.00206364              
24.2847        1.23443        1.26246        13.3554       0.243064       0.247415         3.2009      0.0220116    -0.00957992              
24.953        1.24297         1.2712        13.5118       0.240069       0.243512         3.1897     -0.0312566     0.00824351              
25.633         1.2554        1.28383        13.6716       0.239276       0.244217        3.17644     0.00343048    -0.00746112              
26.3178        1.26397        1.29265        13.8271       0.235793       0.240473         3.1647     -0.0274987    -0.00845012              
27.0121        1.27442        1.30335        13.9839       0.233143       0.238727        3.14708      -0.024614     -0.0106292              
27.718        1.28871        1.31793        14.1438       0.234844       0.240978        3.13218     0.00782093     0.00594001              
28.4297        1.30076        1.33028        14.3006       0.235828       0.241452        3.11486      0.0402825    -0.00549461              
29.144        1.30861        1.33837        14.4521       0.233378       0.237425        3.10113     -0.0159157       0.013372              
29.8701        1.32046        1.35045        14.6071       0.232964       0.238265        3.08707     0.00345006      0.0106396              
30.601        1.32922         1.3595        14.7584       0.230036       0.235979        3.07385     -0.0233416      0.0136733              
31.3412        1.33934        1.36994        14.9105       0.227784       0.235048        3.05599     0.00475381     -0.0141131              
32.0902        1.35068        1.38163        15.0631       0.227953       0.234454        3.04129     0.00233479     0.00242377              
32.8456        1.36039        1.39167        15.2134       0.226192       0.233035        3.02605      -0.018803      0.0170035              
33.6111        1.37323        1.40489         15.366       0.227155       0.235384        3.01159      0.0197716      0.0128631              
34.3769        1.37753        1.40961        15.5096       0.220541       0.228869        2.99866     -0.0427847    -0.00272082              
35.1565        1.38777        1.42031        15.6588       0.217722       0.227953        2.98496     -0.0353613    -0.00613884              
35.9447        1.40033        1.43341        15.8097       0.217903        0.22939        2.97606     -0.0090401    -0.00148942              
36.7383         1.4103        1.44397        15.9575       0.216574       0.228411        2.96099    -0.00592764    -0.00130587              
37.5374        1.41865        1.45292        16.1029       0.213645       0.225934        2.94576     -0.0258679     0.00212452              
38.348        1.43135        1.46625        16.2521       0.214773       0.228015        2.93403      0.0166449    -0.00244215              
39.1628        1.44079        1.47634        16.3973       0.214156       0.226723         2.9197    0.000612406      0.0110638              
39.9852        1.45054        1.48673        16.5422       0.213284        0.22628        2.90578     0.00633884     0.00684049              
40.8129        1.45897        1.49581         16.685       0.211282       0.224373        2.89325    -0.00539597     0.00243687              
41.6499        1.46914        1.50664        16.8291       0.210768       0.224072        2.87817     0.00907543    -0.00191287              
42.4947        1.47899        1.51715        16.9723       0.210439       0.223363        2.86987   -0.000245551     0.00669064              
43.3458        1.48757        1.52639        17.1139       0.208356       0.221789        2.85696     -0.0148702     0.00913008              
44.2044        1.49661        1.53612        17.2554       0.206386       0.220704        2.84544    -0.00127648     -0.0105461              
45.0697        1.50616        1.54637        17.3968       0.205588       0.219368        2.83735     0.00179961     -0.0154445              
45.9432        1.51653        1.55742        17.5386       0.205658       0.218908        2.82746     -0.0101864     0.00765439              
46.8222        1.52498        1.56656        17.6781       0.203221       0.217512        2.81376     -0.0229717      0.0106732              
47.7104        1.53645        1.57877          17.82       0.203686       0.219322          2.804     0.00827573     0.00629458              
48.6026        1.54452        1.58763         17.958       0.201776       0.217606        2.79488     -0.0162852       0.012803              
49.5042        1.55394        1.59789        18.0971       0.200337       0.217601        2.78345     -0.0135746      0.0130892              
50.4086        1.56006         1.6049        18.2323       0.195594       0.214284        2.77117     -0.0373109   -0.000766427              
51.3264        1.57231        1.61811        18.3733       0.196671       0.216641        2.76122      0.0126751    -0.00872044              
52.2448        1.57906        1.62585        18.5081       0.193875       0.213228         2.7548     -0.0278427    -0.00134948              
53.1764        1.59309        1.64086        18.6498       0.197367       0.217558        2.74476      0.0309026     0.00614584              
54.1101        1.60068        1.64944        18.7847       0.196377       0.215644        2.73402     0.00481725      0.0132468              
55.0507        1.60845        1.65819        18.9193       0.194518       0.214206        2.72268     -0.0025824     0.00562858              
55.9968        1.61552        1.66626        19.0526       0.191592       0.211836         2.7107     -0.0213645      0.0023673              
56.9519        1.62536        1.67713        19.1881       0.190884         0.2123        2.70107     -0.0139831     0.00837188              
57.9151        1.63513        1.68799        19.3234       0.190667       0.212825        2.69229      0.0118098    -0.00555158              
58.8832        1.64316        1.69711        19.4564       0.189664       0.210993        2.68625     0.00296108     -0.0102728              
59.8583        1.65111        1.70612        19.5892        0.18816       0.209019        2.67411     -0.0110077    -0.00390436              
60.8406        1.66023        1.71628        19.7225       0.187386       0.208534        2.66692    -0.00568053    -0.00560766              
61.8294        1.66959         1.7267        19.8557       0.187196        0.20825        2.65883     0.00355614    -0.00666253              
62.8242        1.67834        1.73649        19.9878       0.186647       0.207472        2.64712    -0.00936176      0.0101168              
63.8313        1.69143        1.75063        20.1239       0.190394       0.211716        2.63959      0.0437215      0.0127877              
64.8385        1.69808        1.75832         20.253       0.189485       0.209398        2.62924      0.0227431     0.00646614              
65.8537          1.706        1.76722        20.3829       0.188998       0.208125        2.61715      0.0170795     0.00382017              
66.8744        1.71423        1.77638        20.5123       0.188647       0.207011        2.60647      0.0197304     -0.0041258              
67.9056        1.72494        1.78797         20.644       0.191053       0.208039        2.60069      0.0402884    -0.00301244              
68.9377        1.73186         1.7957        20.7712       0.190133       0.205307        2.59036     0.00966083     0.00360528              
69.978        1.74052        1.80511        20.8997       0.189837       0.204566        2.58158      0.0161705    -0.00502463              
71.0281        1.75185        1.81714        21.0305       0.192643       0.206216        2.57111      0.0380739     0.00678143              
72.0815        1.75909        1.82503        21.1567       0.191909       0.204086        2.56844       0.014732     0.00138879              
73.1391        1.76635        1.83288        21.2826       0.190158       0.201784        2.56071    -0.00259872    -0.00372547              
74.2067        1.77598         1.8431        21.4107       0.190256       0.201699        2.55463     0.00798913    -0.00656992              
75.2793         1.7838        1.85148        21.5368       0.188721        0.19978        2.54759     -0.0176948     0.00418338              
76.3642        1.79734        1.86558        21.6682       0.192514       0.204031        2.53846      0.0469037     0.00153015              
77.4446        1.79963        1.86841        21.7879       0.186715       0.196822        2.52755     -0.0406192     0.00492097              
78.5398         1.8106        1.87994        21.9159       0.186693       0.198671        2.51671    -0.00288549   -0.000491038              
79.6397         1.8202        1.89014         22.042       0.186832       0.198998        2.50812   -0.000527628     0.00911917              
80.744        1.82911        1.89966        22.1668       0.186602       0.198846        2.49728      0.0234842     -0.0096348              
81.8529        1.83563        1.90677        22.2888       0.184587       0.195686        2.48924     -0.0177184     0.00323642              
82.9707        1.84558         1.9173        22.4139       0.184527       0.196651         2.4824    -0.00830824      0.0102365              
84.0908        1.85199        1.92434        22.5351       0.181245       0.194198        2.47731      -0.018605     -0.0103551              
85.2252        1.86529        1.93828        22.6632       0.184962       0.197983        2.47425      0.0283969    0.000295669              
86.3612        1.87484        1.94845         22.787       0.186642       0.198399        2.46437      0.0276633       0.014387              
87.5005        1.88171        1.95588        22.9076       0.185449       0.196525        2.45602      0.0167267     0.00156847              
88.6452        1.88661        1.96133        23.0261       0.181649       0.192099        2.44809     -0.0145087     -0.0156525              
89.7994        1.89584        1.97108        23.1485       0.181049       0.191601        2.44153     -0.0185315    -0.00293984              
90.9622        1.90665        1.98243        23.2723       0.182184       0.193212        2.43154      0.0138977     -0.0025916              
92.1259        1.91318         1.9895        23.3912       0.180075       0.190521        2.42189     -0.0107966    -0.00163349              
93.2966        1.92116        1.99801        23.5111       0.178603       0.189356        2.41335    -0.00493866     -0.0117853              
94.4797        1.93452        2.01189        23.6361       0.183175       0.193357         2.4008      0.0418397      0.0108383              
95.6575        1.93825         2.0161        23.7505       0.179431       0.188345        2.39169    -0.00352096    -0.00489122              
96.8479        1.94678        2.02508        23.8696       0.178744       0.187768        2.38231     -0.0111733     0.00644086              
98.0431        1.95581        2.03457        23.9886       0.178461        0.18811        2.37579     0.00630929    -0.00310127              
99.2457        1.96527        2.04451        24.1078       0.179391       0.188515        2.37088       0.015103   -7.52709e-05              
100.452         1.9724        2.05207        24.2244       0.178184       0.186634        2.36396     0.00216401    -0.00410487              
101.666        1.98145        2.06154        24.3427       0.178501       0.186571        2.35764     0.00972186     -0.0035623              
102.882        1.98664        2.06712        24.4568       0.174953       0.182615        2.35245     -0.0252743     -0.0114699              
104.113        2.00056        2.08142        24.5795       0.179482        0.18721        2.34606      0.0442495    -0.00790814              
105.342        2.00613        2.08733        24.6934       0.177807       0.183498        2.34041    -0.00538944     0.00297321              
106.58        2.01611        2.09761        24.8114       0.178691       0.184882        2.33367    0.000793719      0.0177454              
107.822        2.02361        2.10543        24.9265       0.177395       0.184137        2.32683      0.0106198    -0.00378687              
109.071        2.03262        2.11476         25.043        0.17812       0.184076        2.32136      0.0176256    -0.00367691              
110.322        2.03821        2.12063        25.1556       0.175292       0.180671        2.31518     -0.0264062     0.00378461              
111.584        2.04862        2.13134        25.2729       0.175918       0.182521        2.30743     0.00328082     0.00346354              
112.85        2.05759        2.14063        25.3883       0.176434       0.182775        2.29839      0.0232054    -0.00529857              
114.122        2.06561        2.14894        25.5024       0.176637       0.181779        2.29115     0.00947123     0.00491997              
115.4        2.07392         2.1575        25.6164       0.176614        0.18144         2.2854      0.0135607   -0.000370271              
116.683        2.08197        2.16577        25.7298       0.176611       0.180488        2.27816      0.0252903     -0.0151581              
117.97        2.08693        2.17088        25.8399       0.173526       0.175945        2.27133     -0.0262142    -0.00698352              
119.265        2.09692        2.18102        25.9547       0.173718       0.177038         2.2607     -0.0090434     0.00387017              
120.566        2.10558        2.18985        26.0676       0.173436       0.177088         2.2512      0.0121291    -0.00818095              
121.871        2.11347         2.1979        26.1793       0.173151       0.175965        2.24504    0.000740948    -0.00081679              
123.185         2.1245        2.20907        26.2938       0.175732       0.178425        2.23924      0.0211624      0.0150974              
124.504        2.13318        2.21786        26.4056       0.176891       0.178841         2.2308       0.047621    -0.00487282              
125.822        2.13808        2.22282        26.5131       0.174843       0.174725        2.22245       -0.00318     0.00300846              
127.148        2.14502        2.22977        26.6224       0.172643       0.173181        2.21911     -0.0313434      0.0114597              
128.483        2.15346        2.23828        26.7332       0.171007       0.173547        2.21302     -0.0219848     0.00615324              
129.824        2.16335        2.24832        26.8452       0.171579       0.175082        2.20872       0.012365    -0.00640803              
131.166         2.1702        2.25533        26.9537       0.170278       0.173108        2.20035    -0.00863127    0.000611474              
132.52        2.18228        2.26755        27.0673        0.17372        0.17676         2.1998       0.027896      0.0104677              
133.874        2.18784        2.27325        27.1741        0.17178       0.174056        2.19308     0.00532981   -0.000791851              
135.235        2.19595        2.28147        27.2832       0.171613       0.173497        2.18535      0.0105509    -0.00456561              
136.602        2.20489        2.29048        27.3928       0.172533       0.173677        2.17731      0.0159173     0.00254044              
137.973        2.21193        2.29757           27.5       0.171619       0.172239        2.16628     0.00350002     0.00531001              
139.349         2.2205        2.30616        27.6081       0.171941       0.172362        2.16225      0.0206808    -0.00803924              
140.735        2.23151        2.31715        27.7185       0.175501       0.174495        2.15683      0.0382712      0.0104439              
142.12        2.23723        2.32278        27.8232       0.174197       0.171766        2.15164      0.0226808    -0.00865871              
143.514        2.24516        2.33056          27.93       0.174465       0.170583        2.14355        0.01542    -0.00366688              
144.911        2.25184        2.33703        28.0351        0.17306       0.168294        2.13956    0.000467231     -0.0111416              
146.312        2.25767        2.34261        28.1391       0.170107       0.164856        2.13195     -0.0188866     -0.0204532              
147.724        2.26849        2.35317         28.248       0.171609        0.16634        2.12717    -0.00466848    0.000125747              
149.142        2.27978        2.36418         28.357       0.174459       0.168986        2.12316      0.0381554    -0.00390465              
150.562        2.28728        2.37136        28.4619       0.175012       0.167534        2.11694      0.0278654    -0.00373897              
151.985        2.29358        2.37725        28.5652       0.173747       0.164853        2.10821     0.00751186    -0.00668061              
153.418        2.30418        2.38739        28.6725       0.176188       0.166476        2.10657      0.0263332    0.000652806              
154.852        2.31061        2.39331        28.7754       0.174805       0.164172        2.10303    -0.00655219     0.00606111              
156.294        2.31918        2.40136        28.8804       0.174386       0.164252        2.09994    0.000837019    -0.00034246              
157.739         2.3272        2.40887        28.9846       0.173653       0.163575        2.09711    -0.00826744     0.00265504              
159.192        2.33746        2.41863         29.091       0.175054       0.165289        2.08963      0.0179721     0.00423004              
160.647         2.3433        2.42398        29.1925       0.172787       0.162593         2.0808     -0.0101006      0.0034725              
162.112        2.35414        2.43431        29.2987       0.174822        0.16489        2.07718      0.0278887    -0.00257641              
163.577        2.36071        2.44036        29.4004       0.173835       0.162568         2.0723     0.00630274    -0.00438168              
165.048        2.36789        2.44697        29.5025       0.172515       0.160813        2.07008    -0.00764916    -0.00774087              
166.527        2.37756        2.45605         29.607       0.173228        0.16158         2.0655    -0.00169016     0.00438237              
168.008        2.38431        2.46222        29.7083       0.171207       0.159752        2.06225    -0.00650031     -0.0121254              
169.496        2.39171        2.46904        29.8103        0.16958       0.158063        2.05729     -0.0230838    -0.00545174              
170.989        2.40035        2.47713        29.9133       0.168695       0.157975         2.0527     -0.0150359    -0.00640238              
172.486        2.40899        2.48524         30.016        0.16827       0.157858        2.04654    -0.00400578    -0.00839131              
173.99        2.41838         2.4941        30.1192       0.169178       0.158454        2.03987      0.0105489    -0.00367338              
175.5        2.42785        2.50301        30.2222       0.170896       0.159214        2.03432      0.0326986    -0.00753712              
177.008        2.43095        2.50549        30.3184       0.166497       0.153424        2.02799     -0.0321126    -0.00679418              
178.532        2.44467        2.51857        30.4252        0.17085       0.158518        2.02743      0.0307232    0.000600866              
180.054        2.45193        2.52519        30.5252       0.170857       0.157346        2.02548     0.00598408      0.0104676              
181.581         2.4587        2.53129        30.6247       0.169327       0.155996        2.02169    -0.00121911    -0.00141378              
183.115        2.46423        2.53616         30.723       0.166106       0.152955        2.01472     -0.0267101    -0.00685982              
184.653         2.4734         2.5447        30.8244       0.165833       0.153505        2.01029    -0.00974187    -0.00769669              
186.194        2.48089        2.55158        30.9241       0.164452       0.152387        2.00946     -0.0228026    -0.00381921              
187.744        2.48958        2.55968         31.025       0.163882       0.152669        2.00576     -0.0126976    -0.00404668              
189.3        2.49838        2.56793         31.126       0.164056       0.153028        1.99788     0.00830993    -0.00924451              
190.86        2.50717        2.57614        31.2264       0.165099       0.153175        1.99379       0.014948    -0.00446369              
192.423        2.51413        2.58248        31.3249       0.164366       0.151684        1.99139    -0.00362183    -0.00045336              
193.996        2.52674        2.59445        31.4287       0.169034         0.1561        1.98595      0.0491216     0.00875402              
195.567        2.53107        2.59809        31.5239       0.166964        0.15232        1.97944     0.00901904     0.00147988              
197.145        2.53892        2.60521        31.6223       0.166792        0.15201         1.9747    -0.00442332      0.0132299              
198.73        2.54772        2.61328        31.7215       0.167134       0.153082        1.97232      0.0077321     0.00927095              
200.316        2.55395        2.61882         31.818       0.165293       0.151311        1.97046    -0.00468249     -0.0038607              
201.91        2.56268        2.62684         31.917       0.165651       0.151518        1.96898     0.00919699     -0.0102799              
203.512        2.57362        2.63706         32.018       0.168866       0.153839        1.96574      0.0235762      0.0125961              
205.111        2.57815        2.64082        32.1124       0.165899       0.150405        1.95758    -0.00205258    -0.00431548              
206.718        2.58401        2.64591        32.2078       0.163169       0.147743        1.95433     -0.0256099    -0.00873725              
208.331        2.59412        2.65525        32.3074       0.164154         0.1492        1.95465     0.00660639     -0.0158131              
209.951        2.60214        2.66252        32.4051        0.16408       0.148446        1.94935     -0.0153749     0.00891354              
211.574        2.61142        2.67103        32.5035       0.164656       0.149862        1.94588      0.0130331    -0.00206412              
213.201        2.61868        2.67754        32.5998       0.164276       0.148769        1.94061     0.00713119    -0.00356852              
214.831        2.62531        2.68338        32.6952       0.162892       0.147042        1.93564     -0.0107514    -0.00112531              
216.468         2.6333        2.69058        32.7917       0.162388       0.146718          1.928     0.00806181      -0.014171              
218.112        2.64328        2.69975        32.8899       0.164746       0.147978        1.92447      0.0210361    0.000193503              
219.756        2.64873        2.70434        32.9834       0.162691       0.145218        1.92079     -0.0130453     0.00177952              
221.407        2.65828        2.71304        33.0807       0.163629       0.146758        1.91948     0.00416357     0.00440209              
223.064        2.66619        2.72011        33.1764        0.16351       0.146755        1.91665    -0.00167559     0.00954167              
224.719        2.66962        2.72273        33.2674       0.158307       0.142446         1.9135     -0.0481113    -0.00165638              
226.387        2.68026        2.73263        33.3658       0.158923       0.145239        1.90683     -0.0193099      0.0119075              
228.058        2.68603        2.73775        33.4591       0.155603       0.143653         1.9069     -0.0422446     0.00702234              
229.732        2.69436        2.74554        33.5549       0.154304       0.144478        1.90495     -0.0195677    -0.00594854              
231.413        2.70358        2.75428        33.6516       0.154997       0.145725        1.90604    -0.00353294    -0.00334146              
233.099        2.71155        2.76179        33.7472       0.155059       0.145803        1.90461    -0.00175827   -0.000802671              
234.788        2.71852         2.7683        33.8416       0.154112        0.14499        1.90228     -0.0101804   -0.000167419              
236.486        2.72889        2.77822        33.9394        0.15648       0.147744         1.8996      0.0143926      0.0122866              
238.181        2.73242        2.78132        34.0301       0.152539       0.144001        1.89772     -0.0282996     0.00157588              
239.886         2.7397        2.78821        34.1248       0.150813       0.143704        1.89781     -0.0269509    -0.00405923              
241.6        2.75136        2.79954        34.2239       0.153985       0.147696        1.89689       0.017305     0.00588192              
243.308        2.75619        2.80403        34.3156       0.151833       0.145025        1.88902    5.61401e-06    -0.00600196              
245.029         2.7635        2.81099        34.4099       0.151663       0.144318          1.884      0.0130652     -0.0178608              
246.748          2.768         2.8151        34.5009       0.148825       0.140492        1.87836     -0.0333686    -0.00541956              
248.479        2.77713        2.82385        34.5966       0.149068       0.141953        1.87511     -0.0111448    -0.00226971              
250.21        2.78324        2.82961         34.689       0.147141       0.140447        1.87166     -0.0167285     -0.0103451              
251.947        2.79126         2.8373        34.7832       0.146994         0.1407        1.86778     -0.0147213    0.000235744              
253.692        2.80164        2.84739        34.8797       0.149574       0.143806        1.86703       0.016974     0.00846657              
255.435        2.80646         2.8519        34.9703       0.147636       0.141429        1.86138     0.00326401    -0.00667915              
257.187         2.8122        2.85733        35.0618       0.146008       0.139485        1.85551      -0.013966    -0.00472529              
258.942        2.81837        2.86319        35.1535       0.144039       0.138218        1.85001     -0.0310594     0.00347199              
260.706        2.82899        2.87355        35.2494       0.146292       0.141882        1.84403      0.0107708      0.0119206              
262.47        2.83467          2.879        35.3399       0.145178       0.140715         1.8385     0.00877846    -0.00177566              
264.238        2.84271         2.8868        35.4324       0.146621       0.141338        1.82934       0.033793    -0.00765383              
266.006        2.84472        2.88853        35.5185       0.142333       0.135761        1.82264     -0.0386393     0.00273084              
267.787        2.85418        2.89769        35.6119       0.143134       0.138231         1.8147     0.00174002    0.000829256              
269.57        2.86099        2.90426        35.7023       0.142722        0.13807        1.81285     -0.0151577      0.0151804              
271.358         2.8693        2.91238        35.7941       0.143282       0.140071        1.80778   -0.000945606      0.0214094              
273.149        2.87453        2.91748        35.8826       0.141218       0.139084        1.80801     -0.0113742     0.00669049              
274.945        2.88237        2.92522        35.9737        0.14164       0.140101        1.80604      0.0109401    -0.00352939              
276.749        2.89102        2.93376        36.0656       0.143961       0.141402        1.80528      0.0368891    -0.00887728              
278.551        2.89354        2.93612        36.1512       0.140523        0.13639        1.79987     -0.0284802     0.00131946              
280.362        2.90202        2.94442        36.2426       0.140839       0.137844        1.79831    0.000402635    -0.00695528              
282.171        2.90619        2.94844        36.3295       0.137732       0.134686        1.79209     -0.0315864    -0.00543832              
283.995        2.91782        2.95994        36.4239       0.141266       0.139326        1.79168      0.0099852      0.0147166              
285.816        2.92302        2.96505        36.5116       0.139848       0.138043        1.79173     0.00328909    -0.00271211              
287.643        2.93035        2.97229        36.6015       0.140356       0.138279        1.79199     0.00391058    0.000798515              
289.474        2.93749        2.97933        36.6911       0.140614       0.138554        1.78804    -0.00245772      0.0127128              
291.312        2.94329        2.98504        36.7794       0.139195       0.137912        1.78629     -0.0104764     0.00663401              
293.157        2.95443        2.99613        36.8728       0.143319       0.142428        1.78192      0.0431473      0.0111545              
295        2.95876        3.00038         36.959        0.14226       0.140151        1.77997     0.00536706      0.0137562              
296.849        2.96372        3.00524        37.0459       0.140265       0.138591        1.77658    -0.00767516     0.00238391              
298.704        2.97173        3.01318        37.1356       0.141009       0.139735        1.77244     0.00631549     0.00547237              
300.56        2.97513        3.01653        37.2206       0.137276       0.136404        1.77073     -0.0397842     0.00634455              
302.426         2.9858        3.02721        37.3129       0.139472       0.140681        1.76564   -0.000604536      0.0217976              
304.291        2.98944        3.03094        37.3978       0.135959       0.138303        1.76045     -0.0202012     0.00375399              
306.159        2.99462        3.03627        37.4841       0.133247       0.136929        1.75358      -0.034428     0.00448972              
308.034        3.00095        3.04282        37.5714       0.131337       0.136779        1.74865     -0.0240321     -0.0047198              
309.92        3.01114         3.0533        37.6624       0.134173       0.140218        1.74233       0.021659     0.00273807              
311.8        3.01494        3.05739        37.7465       0.131965        0.13755         1.7381     -0.0205941      0.0116827              
313.689         3.0218        3.06456        37.8336       0.131385       0.138321        1.73354    -0.00266435     0.00194185              
315.583        3.02957        3.07268        37.9215       0.132653       0.139578        1.73155      0.0188482    -0.00202422              
317.482         3.0358        3.07924        38.0076       0.133083       0.139108        1.72986     0.00934594     0.00368188              
319.385        3.04149        3.08521        38.0932       0.132567       0.138238        1.72473     0.00925421    -0.00385785              
321.29        3.04823        3.09222        38.1794       0.133135       0.138194         1.7215     0.00928807    0.000702681              
323.202        3.05314        3.09739        38.2638       0.131684       0.136525        1.71504    -0.00989079      0.0038212              
325.116        3.05917        3.10367         38.349       0.130663       0.136117        1.71323    -0.00865659    -0.00259438              
327.036        3.06433        3.10912        38.4333       0.128788       0.134589        1.71047      -0.018391    -0.00764682              
328.963        3.07469        3.11976        38.5227        0.13218       0.138169        1.70943      0.0258739    -0.00030242              
330.886        3.07819        3.12353         38.605       0.130118       0.134947        1.70618   -0.000469066     -0.0110425              
332.816        3.08407        3.12963        38.6896       0.129504       0.133695        1.70508     0.00190305     -0.0202815              
334.753           3.09        3.13575        38.7743       0.128947       0.132202        1.70263    -0.00956904     -0.0134189              
336.693        3.09599        3.14191        38.8589       0.127995       0.131144        1.69705     -0.0141652    -0.00882728              
338.638        3.10347        3.14956        38.9448       0.128377       0.131963        1.69341     -0.0142404     0.00905697              
340.586        3.11154        3.15783        39.0309        0.12955       0.134095        1.68775       0.010121      0.0118259              
342.542        3.11873        3.16525         39.116       0.130785       0.135453        1.68404      0.0144651      0.0201178              
344.497        3.12277        3.16953        39.1976       0.128939       0.133817        1.67695     0.00567343     0.00371718              
346.455        3.12587        3.17288        39.2782       0.125542       0.130656        1.67641     -0.0332415    0.000139968              
348.427        3.13732        3.18461        39.3671       0.129702       0.135814        1.67087      0.0384399     0.00081515              
350.395        3.14027        3.18781        39.4471       0.127831        0.13216        1.66571      0.0127057     -0.0144042              
352.372        3.14971        3.19743        39.5333       0.131717       0.134581        1.66296      0.0393729    0.000635406              
354.348        3.15348        3.20131        39.6136       0.130491       0.131791        1.66397    0.000789806     0.00144877              
356.332        3.16139        3.20929        39.6982       0.132036       0.133323         1.6589      0.0146519      0.0105065              
358.316        3.16455        3.21252        39.7777       0.128941       0.130396        1.66013     -0.0280378      0.0074966              
360.309        3.17177        3.21985        39.8616       0.128576       0.131432        1.65889    -0.00232873    -0.00665605              
362.303        3.17731        3.22552        39.9436       0.127538       0.130179        1.65548    -0.00643659     -0.0106084              
364.302         3.1832        3.23154        40.0259       0.126645        0.12925        1.65162     -0.0167213    -0.00261188              
366.306        3.18948        3.23796        40.1083       0.125972       0.128955        1.64441     0.00398992     -0.0165389              
368.313        3.19677        3.24538        40.1915        0.12712       0.129242        1.64704    0.000307657    -0.00272186              
370.323        3.20147        3.25018        40.2722       0.125373        0.12739        1.64598     -0.0122597     -0.0104344              
372.341        3.21003        3.25883        40.3568       0.127332       0.129179        1.64024       0.019208    -0.00661616              
374.362         3.2179        3.26676        40.4402       0.129946       0.130363        1.63378      0.0392714    -0.00121223              
376.379        3.22131        3.27016        40.5186       0.128436       0.127265        1.63006    -0.00177179     0.00351722              
378.408        3.22757        3.27636        40.5999        0.12829       0.127184        1.62728     0.00912153    -0.00667228              
380.444        3.23534        3.28405        40.6827       0.130241       0.128199        1.62225      0.0278262    -0.00325014              
382.477        3.23915        3.28772         40.761       0.128652       0.125326         1.6165    -0.00107188    -0.00375381              
384.521        3.24771         3.2961         40.844       0.130966       0.127229        1.61465      0.0280416    -0.00384351              
386.567        3.25393         3.3021        40.9244       0.131926        0.12671        1.61516      0.0193187   -0.000307838              
388.619         3.2614        3.30929        41.0061       0.133712       0.127648        1.61403      0.0181209      0.0127859              
390.668        3.26773        3.31531        41.0863       0.134385       0.127782        1.61029      0.0320189     -0.0020927              
392.723        3.27341        3.32061        41.1657       0.134853       0.126572        1.60571      0.0258773    -0.00532796              
394.781         3.2762        3.32296        41.2421        0.13175       0.122398        1.60079     -0.0230653    -0.00256393              
396.844        3.28237        3.32868        41.3217       0.130293       0.121794        1.59519     -0.0137081     -0.0114033              
398.911        3.28941        3.33531        41.4019       0.130027       0.122001        1.59223     -0.0275996      0.0125856              
400.99        3.29964        3.34517        41.4853       0.132933       0.126216        1.59088      0.0342777    0.000144236              
403.062        3.30582        3.35098        41.5642       0.134113       0.125738        1.58826      0.0299432    0.000725853              
405.139        3.31029        3.35501        41.6413       0.133008       0.123677        1.58386    -0.00901075      0.0150809              
407.22        3.31587        3.36015        41.7193       0.131546       0.123265        1.57921    -0.00539229     0.00251579              
409.303        3.31721        3.36111         41.793       0.125548       0.118229        1.57143      -0.064963     0.00279273              
411.398        3.32595        3.36955        41.8741       0.125275       0.120727        1.56891     -0.0148026     -0.0123484              
413.496        3.33296        3.37632        41.9533       0.125388       0.120867        1.56525    -0.00309224     -0.0107541              
415.596        3.34175        3.38488         42.034       0.127936       0.123002        1.55961      0.0175811     0.00676694              
417.694        3.34409        3.38697        42.1078       0.124359        0.11931        1.55312     -0.0277729     0.00630844              
419.804        3.35267        3.39533        42.1878       0.125648       0.122024        1.54799     0.00488884     0.00953853              
421.911        3.35549        3.39798        42.2617       0.122142        0.11903        1.54174      -0.029005     0.00514235              
424.023         3.3608        3.40316        42.3379       0.120154       0.118279        1.53579    -0.00616581     -0.0215527              
426.144        3.36818        3.41043         42.416       0.121333       0.118664        1.52963     0.00701037     -0.0108786              
428.265        3.37375        3.41586        42.4919       0.120952       0.117864        1.52326     -0.0180932      0.0141865              
430.396        3.38171        3.42369          42.57       0.122356       0.120369         1.5164      0.0248987     0.00277235              
432.522        3.38537        3.42723        42.6432       0.120931       0.117992        1.51334     0.00235699    -0.00352823              
434.66        3.39347        3.43517         42.721       0.123295       0.119879        1.51167      0.0259832    0.000783378              
436.791        3.39626        3.43777        42.7931       0.120848        0.11657        1.50799     -0.0149773     0.00181848              
438.935        3.40436        3.44567        42.8705       0.122433       0.118707         1.5049      0.0150596     0.00149244              
441.083        3.41004        3.45115        42.9453       0.122626        0.11841        1.50024     0.00445998      0.0107759              
443.231        3.41502        3.45593        43.0192       0.121544       0.117817        1.50046     -0.0122558      0.0123762              
445.381        3.41934        3.46008        43.0924       0.119282       0.116435        1.49876    -0.00406802     -0.0165389              
447.543        3.42994        3.47052         43.172       0.124126       0.120333        1.49534      0.0444567    -0.00205274              
449.7        3.43296        3.47331        43.2435       0.122729       0.117096        1.49181   -0.000192359     0.00460444              
451.862        3.43802        3.47809        43.3169       0.121592       0.116228        1.48751    -0.00656057     0.00140309              
454.034        3.44705        3.48685        43.3942       0.124502       0.119292        1.48362      0.0272819     0.00934803              
456.201        3.44996        3.48949         43.465       0.122284        0.11638        1.47862    -0.00237579     0.00112639              
458.378        3.45791        3.49715        43.5407       0.124147       0.118361         1.4726      0.0154648      0.0128692              
460.556        3.46312        3.50207        43.6133        0.12389       0.117945        1.46773      0.0128934     0.00723863              
462.74        3.46711        3.50575        43.6846       0.122192       0.115974        1.46719    -0.00165078    -0.00632884              
464.927        3.47441        3.51274        43.7591       0.123351       0.116957        1.46406     0.00450565     0.00601108              
467.119        3.47936        3.51737        43.8312       0.122212       0.116044        1.46192     -0.0103388     0.00709653              
469.316        3.48689        3.52461        43.9058       0.123275       0.117808        1.46239      0.0076607     0.00694291              
471.513        3.49258        3.53002        43.9784       0.123168       0.117626        1.46135      0.0070822     0.00226928              
473.714        3.49951        3.53666        44.0522       0.124413       0.118435        1.46324      0.0213898    -0.00411283              
475.915        3.50225        3.53909        44.1219       0.121559       0.114831         1.4614     -0.0279324     0.00214812              
478.124        3.50727        3.54381         44.194       0.119146       0.113808         1.4595     -0.0274852    -0.00963787              
480.339        3.51669        3.55298        44.2704        0.12158       0.116879        1.45644      0.0100004     0.00079185              
482.553        3.52339        3.55943        44.3438       0.122737       0.117576        1.45444      0.0149394     0.00577612              
484.768        3.52503        3.56082         44.412       0.118538       0.113361         1.4515     -0.0359203     0.00159587              
486.993        3.53488        3.57043        44.4885       0.121187       0.117319        1.45092      0.0196958    -0.00255527              
489.221        3.53971        3.57505        44.5599       0.120687        0.11602        1.45368    -0.00631898     0.00460697              
491.454        3.54765        3.58277        44.6345        0.12245       0.118181        1.45277      0.0141733     0.00949723              
493.688        3.55571        3.59059         44.709       0.125364       0.120485        1.45114      0.0471738     0.00272247              
495.923        3.56006        3.59465        44.7795       0.125539       0.118696        1.44676      0.0230341     0.00585306              
498.161         3.5605        3.59475        44.8461       0.120292       0.113103        1.44494     -0.0408532    -0.00371615              
500.41         3.5678        3.60172        44.9198       0.119727       0.114217         1.4433     -0.0220302     -0.0039823              
502.658        3.57447        3.60815        44.9926       0.119372       0.114806        1.44057     -0.0183107     0.00426027              
504.912        3.58247        3.61593        45.0667       0.120761       0.117021        1.43893      0.0116758     0.00216188              
507.163        3.58649        3.61976        45.1365        0.11915       0.115116         1.4338    -0.00835646     0.00128813              
509.422        3.59286        3.62594        45.2085       0.119272       0.115582        1.42853     0.00428766   -0.000628213              
511.685         3.5991        3.63198        45.2802       0.119873       0.115738        1.42693      0.0173577    -0.00867182              
513.95        3.60513        3.63777        45.3515       0.120685       0.115427        1.42295      0.0100308     0.00280802              
516.216        3.60612        3.63851        45.4177       0.115687       0.110471         1.4212     -0.0428825    -0.00745948              
518.495        3.61499        3.64715         45.492       0.117139        0.11309        1.41877       0.010461     -0.0181864              
520.771        3.62179        3.65371        45.5638       0.118568       0.113242        1.41768     0.00878495     -0.0034401              
523.053        3.62878        3.66042        45.6357       0.120138       0.114149        1.41647      0.0188076     0.00119115              
525.336        3.63499         3.6663        45.7067        0.12125       0.114418        1.41576      0.0183764     0.00462032              
527.62        3.63852        3.66948        45.7749       0.119351       0.112119        1.41541      -0.013056     0.00366131              
529.91        3.64358        3.67421        45.8448       0.117702       0.111447        1.41349     -0.0252721     0.00636238              
532.206         3.6501        3.68045        45.9161       0.117284       0.112349        1.40942    -0.00511181    -0.00121056              
534.505        3.65648        3.68657        45.9871       0.117693       0.112703        1.40854      0.0118296     -0.0107222              
536.808        3.66386        3.69367         46.059       0.119908       0.113675        1.40597      0.0287307    -0.00604456              
539.11        3.66863         3.6981         46.128       0.119851       0.112239        1.40576     0.00180701      0.0050081              
541.421        3.67518        3.70427        46.1989        0.12057        0.11305        1.40125      0.0111814     0.00715707              
543.731        3.68191        3.71062        46.2695        0.12193       0.114098        1.39731      0.0234958      0.0076797              
546.043        3.68479        3.71309        46.3361       0.119724       0.111087         1.3926     0.00566221     -0.0115033              
548.363        3.69327        3.72111        46.4082       0.122732       0.113041        1.39061       0.033094    -0.00491884              
550.686        3.69791        3.72523        46.4762       0.122586       0.111377        1.38972     0.00331614     0.00600595              
553.008        3.70254         3.7293        46.5441       0.121133       0.110168        1.38629     -0.0104285     0.00384163              
555.339        3.71137        3.73759        46.6161       0.123642       0.113219        1.38135      0.0190269      0.0150711              
557.671        3.71665        3.74235        46.6843       0.123616       0.113006        1.38258      0.0119339     0.00911404              
560.004        3.72139        3.74657         46.752       0.122547       0.112074        1.38346      -0.012565      0.0141076              
562.341        3.72597        3.75066        46.8196       0.120336       0.111151        1.38417     -0.0203483     0.00157396              
564.682         3.7316        3.75586        46.8884       0.118867       0.110952        1.38194     -0.0307345     0.00959312              
567.033        3.74057        3.76447        46.9606       0.120764       0.114448        1.37788      0.0130212     0.00913211              
569.383        3.74645        3.77002        47.0293       0.121352       0.114588        1.37785      0.0252965    -0.00543892              
571.733        3.75108        3.77428        47.0966       0.121035       0.112869        1.37267      0.0114088     -0.0052005              
574.088        3.75397        3.77676        47.1621       0.118054       0.109557        1.36647     -0.0322467     0.00390099              
576.45        3.76152        3.78392         47.232       0.118383       0.111417        1.35854    -0.00292172     0.00410626              
578.808        3.76594          3.788        47.2983       0.116601       0.110162        1.35567     -0.0203568     0.00530613              
581.174        3.77022          3.792        47.3646       0.114037       0.108801        1.35283      -0.024441    -0.00735358              
583.544        3.77624        3.79776        47.4326       0.113289       0.108726        1.34714    -0.00986928     -0.0118661              
585.913        3.78109        3.80239         47.499       0.111957        0.10735        1.34284     -0.0157131     -0.0119059              
588.294        3.79029        3.81136        47.5698       0.115037       0.110473         1.3465      0.0135186     0.00181653              
590.671         3.7947        3.81553        47.6357       0.114247       0.109185        1.34551    0.000717942     -0.0018412              
593.054        3.80055        3.82113        47.7031       0.114382       0.109295        1.34489    -0.00350144     0.00479306              
595.442        3.80664        3.82697        47.7707       0.114694       0.109862        1.34142     0.00904758    0.000492501              
597.83        3.81133        3.83141        47.8366       0.113985       0.108871        1.33706    -0.00326918     0.00360882              
600.227        3.81847         3.8383         47.905       0.115402       0.110478        1.33874      0.0133558     0.00378863              
602.625        3.82498        3.84454        47.9726       0.116964       0.111301        1.33689      0.0326073    -0.00437248              
605.027        3.83143        3.85065          48.04       0.119264       0.111585        1.33494      0.0458929    -0.00864449              
607.432        3.83757        3.85635        48.1069       0.121565       0.111417        1.33478      0.0331217     0.00592153              
609.838        3.84315        3.86138        48.1731       0.122765       0.111025         1.3343      0.0421023    -0.00960902              
612.246        3.84529        3.86289        48.2359       0.120391       0.106555        1.33254    -0.00885814    -0.00879821              
614.663        3.85489        3.87179         48.306       0.123787       0.109824        1.32964      0.0224461     0.00880675              
617.077        3.85902        3.87521        48.3704       0.122672       0.108135        1.32954      0.0034443     0.00118672              
619.497        3.86519        3.88064        48.4369       0.122938       0.108191        1.32601      0.0105098    -0.00199967              
621.917        3.86919         3.8839         48.501        0.12111       0.105979        1.32124     -0.0136177   -0.000701872              
624.343        3.87461        3.88858        48.5664       0.119849       0.105223        1.32135     -0.0102405      -0.012131              
626.774        3.88017        3.89341        48.6321       0.118823       0.104285        1.31643     -0.0201671    -0.00275164              
629.209        3.88795        3.90048        48.6997       0.119732       0.106136        1.31672     -0.0120903      0.0128081              
631.646        3.89359        3.90548        48.7652       0.118811        0.10642        1.31449     -0.0109713     0.00966714              
634.088         3.8995        3.91079         48.831       0.118352       0.106779        1.31317     0.00083607     -0.0011155              
636.528        3.90419         3.9149        48.8953       0.117144        0.10543        1.31009    -0.00319028    -0.00974263              
638.973        3.90949         3.9196        48.9603         0.1163        0.10448        1.30874     -0.0177304   -0.000945604              
641.422        3.91636         3.9259        49.0268       0.116593        0.10549        1.31216     -0.0061116      -0.002111              
643.874        3.92103        3.93002        49.0912       0.115141       0.104112        1.31179    -0.00665526     -0.0160196              
646.332        3.92922        3.93764        49.1592       0.117413       0.105853         1.3096        0.01342    -0.00254026              
648.788        3.93173        3.93956        49.2213        0.11441       0.102295        1.31215     -0.0223302     -0.0126652              
651.252        3.93946         3.9467         49.289       0.115349        0.10386        1.31523     -0.0183157     0.00643964              
653.72        3.94651        3.95321         49.356       0.115899       0.105498        1.31113    2.55369e-05     0.00897872              
656.19        3.95363        3.95981        49.4228       0.117492       0.107164        1.30763      0.0301316   -0.000638466              
658.661        3.95724        3.96287        49.4859       0.116499       0.104838        1.30233     0.00705777    -0.00190156              
661.137        3.96291        3.96794        49.5508       0.116731       0.104537         1.3011      0.0111048    -0.00679924              
663.613         3.9675         3.9719        49.6146        0.11585       0.103002        1.29961    -0.00892335    -0.00145939              
666.097        3.97324        3.97702        49.6795       0.115326       0.102964        1.29577     -0.0132058     0.00618344              
668.583        3.97893        3.98211        49.7442       0.114563        0.10327        1.29256     -0.0173002      0.0126545              
671.072        3.98273        3.98537         49.807       0.111844       0.101734        1.29204      -0.012671      -0.016094              
673.567        3.99077         3.9929        49.8741       0.113908       0.103416        1.29139      0.0146346     -0.0110717              
676.061        3.99718        3.99874        49.9393       0.115461       0.103522        1.28795      0.0294158     -0.0135457              
678.561        4.00098        4.00191        50.0017       0.114585       0.101004        1.28456     -0.0086898      0.0021221              
681.061        4.00667        4.00693        50.0658       0.114206       0.101028        1.28212   -0.000284187    -0.00414338              
683.564        4.01398        4.01357        50.1314       0.115935       0.102475        1.27881       0.016352     0.00312399              
686.072        4.01826        4.01718        50.1938       0.114984       0.101197         1.2768     -0.0102279       0.011997              
688.583        4.02394         4.0222        50.2576       0.114488       0.101673        1.27693    -0.00325719       0.004238              
691.093        4.02821        4.02585          50.32       0.112657       0.100521        1.27784     -0.0290537      0.0106308              
693.613        4.03576        4.03282        50.3858       0.113512       0.102853        1.27531      0.0115222    -0.00243217              
696.13        4.03954        4.03604        50.4476       0.112103       0.100733        1.27102     0.00205407     -0.0132897              
698.662        4.04932        4.04523        50.5153       0.116781       0.104256        1.26906      0.0502163    -0.00598727              
701.187        4.05365        4.04887        50.5772       0.117461       0.102475        1.27093      0.0208177      0.0013839              
703.715        4.05766        4.05211        50.6389       0.116474       0.100632        1.26876     0.00366005    -0.00351907              
706.253         4.0626        4.05626        50.7016       0.115596      0.0996307        1.27018     -0.0152041     0.00247116              
708.792        4.07097        4.06384        50.7677       0.117691       0.102352        1.27218      0.0141034     0.00463942              
711.33        4.07479        4.06689        50.8292       0.116099       0.100523        1.27135     -0.0113232     0.00418311              
713.872        4.07953        4.07088        50.8917       0.114439      0.0996541        1.26791     -0.0171739   -1.16648e-05              
716.42        4.08849         4.0791        50.9583       0.117278        0.10282        1.26405      0.0337158    -0.00527005              
718.969        4.09244        4.08229        51.0196       0.116755       0.100669        1.26348     0.00443497   -0.000515454              
721.52        4.09662        4.08566         51.081       0.115249      0.0989247        1.25863    -0.00432203    -0.00827855              
724.073        4.09934        4.08755        51.1409       0.111775       0.095398        1.25659     -0.0305403     -0.0191164              
726.638        4.11253        4.09993        51.2113       0.118461       0.102259        1.25903      0.0383202      0.0077903              
729.198        4.11433        4.10089        51.2702       0.115812      0.0984983        1.25334    -0.00764081      0.0057895              
731.761        4.12005        4.10576        51.3327       0.115475      0.0986405        1.25112     0.00321543    -0.00360734              
734.33         4.1259        4.11075        51.3953       0.115826       0.098397        1.25249      0.0163143     -0.0172169              
736.897        4.13053        4.11448        51.4567       0.115226       0.096541        1.24784     -0.0109913   -0.000287741              
739.471        4.13653        4.11956        51.5193       0.114909      0.0968855        1.24141      -0.012806      0.0112116              
742.048        4.14524        4.12739        51.5842        0.11762       0.100389        1.23879      0.0291815      0.0102038              
744.628        4.14873           4.13        51.6437       0.116467      0.0984185        1.23717     0.00737922     0.00236321              
747.212         4.1537        4.13406        51.7047       0.115891      0.0976897        1.23508    -0.00226884     0.00302081              
749.802        4.16178        4.14124        51.7688       0.118294       0.100118         1.2365      0.0243414     0.00439695              
752.39        4.16521        4.14374        51.8281       0.116764      0.0978137        1.23583    -0.00322821    0.000346193              
754.981        4.17229        4.14988        51.8911        0.11794       0.099149         1.2332     0.00711595     0.00872275              
757.574        4.17598        4.15263        51.9505       0.115907      0.0973604         1.2287     -0.0135135     0.00537443              
760.171        4.17911        4.15486        52.0093       0.112402      0.0949345        1.22477     -0.0356927    -0.00254866              
762.776         4.1869        4.16181        52.0726       0.113083      0.0970592        1.21654    -0.00604939     0.00443506              
765.384        4.19358         4.1677        52.1345       0.113927      0.0983183        1.21386     0.00763466     0.00662934              
767.994        4.19898        4.17232        52.1949       0.114028      0.0982711        1.21463      0.0104591   -0.000956033              
770.603        4.20541        4.17794        52.2563       0.115318      0.0989913        1.21096      0.0168681      0.0054953              
773.218        4.21102        4.18272        52.3166       0.116098      0.0990085         1.2055      0.0286948    -0.00315467              
775.833        4.21498        4.18579        52.3749        0.11548      0.0970162        1.19873     0.00851018   -0.000373743              
778.451        4.21909        4.18897        52.4332       0.114087       0.095339        1.19628    -0.00942428    -0.00140107              
781.077        4.22701        4.19595        52.4952       0.116192       0.097369        1.19398      0.0310989     -0.0111518              
783.704        4.23319        4.20114        52.5552       0.118015      0.0972627        1.19183      0.0246063     0.00176343              
786.328        4.23486        4.20176        52.6106        0.11453      0.0931421          1.192     -0.0295511     0.00116496              
788.958        4.24216        4.20803        52.6716       0.114855      0.0948314        1.18748    -0.00798922     0.00485524              
791.595        4.24886        4.21373        52.7319       0.115669      0.0959347        1.17992      0.0206161    -0.00394001              
794.228        4.25238        4.21624        52.7886       0.114166      0.0935201        1.17662    -0.00901778   -0.000257216              
796.867        4.25905         4.2219        52.8483       0.114735      0.0945354        1.17826    -0.00401025     0.00571329              
799.513        4.26552        4.22735         52.908       0.115524       0.095371        1.17654      0.0247336      -0.011996              
802.158        4.27065        4.23144         52.966       0.115983      0.0941922        1.17103      0.0127188    -0.00308357              
804.808        4.27738        4.23706        53.0255       0.117491      0.0951256        1.16809      0.0087667      0.0156316              
807.455        4.28045        4.23902         53.081       0.114999       0.092932         1.1684    -0.00708974     -0.0049328              
810.11        4.28716        4.24463        53.1403       0.115735      0.0936759         1.1632     0.00696672    -0.00136113              
812.767        4.29284         4.2492        53.1983       0.115967      0.0935497         1.1584     0.00567553     0.00338802              
815.429        4.29748        4.25271         53.255       0.115053      0.0925132        1.15126     0.00207719   -0.000991984              
818.097        4.30605        4.26015        53.3154       0.118209      0.0953335        1.14991      0.0304532     0.00813175              
820.764        4.30869        4.26162        53.3696       0.116187      0.0923554        1.14764     0.00183208     -0.0035136              
-201.366        1.89162       0.997745        28.5105      0.0217287       0.113434       0.183714     0.00141467    0.000564153              
